  A: instance key | 20 cols, k 1, 0 cells | 300 | 1.00 | 1.20 | 4.20 | 0.20 | 2.40 | 3.70 | 4.10 | 46.0 | 44.0 | 2.0 | 0.0 | 0.0 | 1.0 | 1.0 | yes
  B: stable key | 20 cols, k 1, 0 cells | 300 | 0.70 | 0.80 | 0.90 | 0.00 | 0.10 | 0.70 | 0.90 | 0.0 | 0.0 | 0.0 | 0.0 | 0.0 | 0.0 | 1.0 | yes
  A: instance key | 20 cols, k 5, 0 cells | 300 | 2.70 | 3.00 | 3.40 | 0.40 | 2.70 | 5.90 | 6.30 | 230.0 | 220.0 | 10.0 | 0.0 | 0.0 | 5.0 | 5.0 | yes
  B: stable key | 20 cols, k 5, 0 cells | 300 | 1.50 | 1.70 | 1.90 | 0.00 | 0.10 | 1.60 | 1.80 | 0.0 | 0.0 | 0.0 | 0.0 | 0.0 | 0.0 | 5.0 | yes
  A: instance key | 20 cols, k 40, 0 cells | 300 | 16.00 | 17.00 | 19.90 | 2.10 | 3.30 | 21.50 | 23.20 | 1840.0 | 1760.0 | 80.0 | 0.0 | 0.0 | 40.0 | 40.0 | yes
  B: stable key | 20 cols, k 40, 0 cells | 300 | 8.40 | 8.60 | 9.40 | 0.00 | 0.10 | 8.40 | 8.70 | 0.0 | 0.0 | 0.0 | 0.0 | 0.0 | 0.0 | 40.0 | yes
  A: instance key | 50 cols, k 1, 0 cells | 300 | 1.50 | 1.70 | 1.80 | 0.30 | 4.00 | 5.80 | 6.30 | 106.0 | 104.0 | 2.0 | 0.0 | 0.0 | 1.0 | 1.0 | yes
  B: stable key | 50 cols, k 1, 0 cells | 300 | 0.90 | 1.00 | 1.10 | 0.00 | 0.10 | 1.00 | 1.10 | 0.0 | 0.0 | 0.0 | 0.0 | 0.0 | 0.0 | 1.0 | yes
  A: instance key | 50 cols, k 5, 0 cells | 300 | 4.80 | 5.10 | 6.00 | 0.80 | 3.90 | 9.60 | 10.40 | 530.0 | 520.0 | 10.0 | 0.0 | 0.0 | 5.0 | 5.0 | yes
  B: stable key | 50 cols, k 5, 0 cells | 300 | 2.60 | 2.80 | 3.80 | 0.00 | 0.10 | 2.70 | 2.90 | 0.0 | 0.0 | 0.0 | 0.0 | 0.0 | 0.0 | 5.0 | yes
  A: instance key | 50 cols, k 40, 0 cells | 300 | 33.70 | 35.90 | 39.20 | 5.10 | 5.20 | 44.20 | 47.90 | 4240.0 | 4160.0 | 80.0 | 0.0 | 0.0 | 40.0 | 40.0 | yes
  B: stable key | 50 cols, k 40, 0 cells | 300 | 17.80 | 18.40 | 19.50 | 0.00 | 0.10 | 17.90 | 18.90 | 0.0 | 0.0 | 0.0 | 0.0 | 0.0 | 0.0 | 40.0 | yes
SAVE: saved ✓
\nOUTCOME: COMPLETED
